   1.0000   1.0000   1.0000   1.0000   1.0000   1.0000   1.0000   1.0000   1.0000   1.0000
   1.0000   2.9867   4.9948   7.0971   9.4685  12.4713  16.8728  24.4937  40.3198  80.0000
   1.0000   4.9948   8.9765  13.0343  17.4299  22.6685  29.6358  39.8637  55.8292  80.0000
   1.0000   7.0971  13.0343  18.8390  24.7823  31.3715  39.3449  49.6495  63.2149  80.0000
   1.0000   9.4685  17.4299  24.7823  31.8044  39.0064  47.0016  56.3817  67.4912  80.0000
   1.0000  12.4713  22.6685  31.3715  39.0064  46.2083  53.5908  61.6203  70.4941  80.0000
   1.0000  16.8728  29.6358  39.3449  47.0016  53.5908  59.8509  66.2511  72.9906  80.0000
   1.0000  24.4937  39.8637  49.6495  56.3817  61.6203  66.2511  70.7508  75.3280  80.0000
   1.0000  40.3198  55.8292  63.2149  67.4912  70.4941  72.9906  75.3280  77.6530  80.0000
   1.0000  80.0000  80.0000  80.0000  80.0000  80.0000  80.0000  80.0000  80.0000  80.0000
