 1.0  1.0  1.0  1.0  1.0  1.0  1.0  1.0  1.0  1.0 
 1.0  3.0  5.0  7.1  9.4 12.4 16.8 24.5 40.3 80.0 
 1.0  5.0  8.9 13.0 17.4 22.6 29.6 39.8 55.8 80.0 
 1.0  7.1 13.0 18.8 24.7 31.3 39.3 49.6 63.2 80.0 
 1.0  9.4 17.4 24.7 31.7 38.9 46.9 56.3 67.5 80.0 
 1.0 12.4 22.6 31.3 38.9 46.1 53.5 61.6 70.5 80.0 
 1.0 16.8 29.6 39.3 46.9 53.5 59.8 66.2 73.0 80.0 
 1.0 24.5 39.8 49.6 56.3 61.6 66.2 70.7 75.3 80.0 
 1.0 40.3 55.8 63.2 67.5 70.5 73.0 75.3 77.6 80.0 
80.0 80.0 80.0 80.0 80.0 80.0 80.0 80.0 80.0 80.0 
